Vertice = x,y         Arco = x1,y1,x2,y2,distancia
0,14,10
1,18,85
2,13,152
3,18,213
4,21,315
5,40,397
6,150,431
7,175,400
8,176,243
9,185,98
10,159,27
11,265,24
12,273,85
13,272,174
14,275,248
15,280,348
16,277,432
17,369,439
18,381,281
19,392,197
20,409,59
21,552,122
22,566,235
23,550,372
24,660,430
25,700,303
26,667,169
27,615,42
28,745,52
29,806,314
30,790,443
29,25,33,100,75
33,100,200,113,167
174,42,200,113,75
28,167,200,113,180
33,228,200,113,202
200,113,191,258,145
36,330,200,113,272
200,113,280,39,108
200,113,287,189,115
288,100,200,113,88
290,263,200,113,174
190,415,191,258,157
55,412,191,258,205
165,446,191,258,189
292,447,191,258,214
295,363,191,258,147
581,250,567,137,113
581,250,424,74,235
581,250,407,212,178
396,296,581,250,190
581,250,565,387,137
565,387,384,454,193
581,250,384,454,283
565,387,675,445,124
565,387,715,318,165
581,250,682,184,120
630,57,581,250,199
581,250,760,67,255
715,318,805,458,166
821,329,715,318,106